  34 243 237
  35  40 320
  36 320 265
  37 273 321
  38 321 201
  39 203 320
  40 320 275
  41 272 321
  42 320 214
  43 276  40
  45 274 276
  46 320  40
  47 276 320
  48 321 262
  49 200 320
  50 321 265
  51 214 321
  52 321 211
  53 217 320
  54  40 265
  56 264 274
  57 321  40
  58 203 320
  59 320 236
  60 261 320
  61  40 273
  63 267 265
  65 265 263
  67 273 265
  68 321  12
  69 221 320
  70 320 232
  71 275 320
  72 321 260
  73 213 320
  74 320 272
  75 271  40
  76  40 320
  77  50 275
  78 320 321
  79 276 213
  80 321 320
  81 202 275
  82 321 320
  83 200 265
  84 321  40
  85 213 321
  86 320 201
  87 262 320
  88 320 261
  89 276 320
  90 320 270
  91 272 321
  92  40 200
  94 270 260
  96 267 265
  97  40 321
  98 320 202
  99 277 321
 100 320 201
 101 276 321
 102 321 217
 103 215  40
 105 274 262
 106 321 320
 107 213 265
 108  40 321
 109 302 211
 110 253 320
 111 320 270
 112 240 320
 113 321 271
 114 203  40
 115 321 320
 116 201 236
 120 260 265
 122 275 263
 123  40  12
 125 270 236
 126  40 321
 127 320 202
 128 233 320
 129 321 274
 130 216 321
 131 320 201
 132 264 321
 133 320 202
 134 274 320
 135 320 270
 136 270 321
 137 320 202
 138 273 321
 139 320 214
 140 260  40
 141 302 320
 142 273 275
 143  51 320
 144  12 265
 145 320 321
 146 243 200
 147  40 320
 148 320 260
 149 273 320
 150 321 267
 151 203 321
 152 320 203
 153 272 320
 154 320 274
 155 276 320
 156 320 275
 157 274 321
 158 320 213
 159 276 320
 160 321 274
 161 200  40
 163 214 205
 164 321 320
 165 217 276
 166  40 320
 167 320 267
 168 264 320
 169 321 260
 170 203 321
 171 320 200
 172 261 320
 173  40 260
 175 267 274
 176 320  72
 177 265  12
 179 273 230
 181 221 205
 182 320  40
 183 275 321
 184 321 201
 185 213 320
 186 320 265
 187 271 320
 188  73 273
 189  12 320
 190 320 260
 191 227  40
 193 273 270
 194 320  40
 195 260 320
 196 321 275
 197 202 320
 198 320 270
 199 260 320
 200 321 262
 201 217 321
 202  40 213
 203 321  40
 204 206 320
 205 320 267
 206 265 320
 207 320 260
 208 277  40
 209 321 320
 210 214 261
 211  40 321
 212 320 203
 213 275 320
 214 320 271
 215 260 320
 216  40 275
 217 320 321
 218 264 213
 219 321 320
 220 203 271
 221 320  40
 222 261 320
 223 320 275
 224 265 320
 225  40 260
 226 321 320
 227 202 261
 229 276 265
 231 274 263
 232  72  12
 233  12 320
 234 320 236
 235 230 320
 236  40 261
 237 320 321
 238 264 200
 240 275 265
 241 321 320
 242 221 272
 243 320  40
 244 274 320
 245  40 276
 247 270 275
 250 275 274
 252 276 265
 255 321 320
 256 214 260
 257 321 320
 258 216 274
 261 272 270
 262 320  40
 263 276 320
 264 321 277
 265 202 320
 266  40 276
 267 321 320
 268 203 266
 269 321 320
 270 207 260
 272 221 200
 274 275 260
 275 321 320
 276 213 274
 277 320  73
 278 271  12
 279  12 320
 280 320 241
 281 222  40
 282 321 320
 283 201 264
 285 221 200
 286  40 321
 287 321 203
 288 205 320
 289 320 266
 290 276 320
 291 320 270
 292 264 320
 293 320 275
 294 270 320
 295 321 276
 296 202 320
 297  40 271
 298 320  40
 299 277 321
 300 320 201
 301 276 320
 302  40 262
 303 321 320
 304 206 276
 308 277 271
 309 320  54
 310 270  40
 311  40 320
 312 320 262
 313 272  40
 315 200 206
 316 321 320
 317 203 260
 318 320 321
 319 263 200
 321 276 265
 323 274 263
 324  73 321
 325  12 200
 327 230 260
 331 221 201
 332 321 320
 333 202 272
 334  40 320
 335 320 276
 336 275 320
 337 320 271
 338 260  40
 340 277 261
 344 260 276
 346 262 275
 348 276 265
 349  40  54
 350 342  12
 351 200 320
 352 224 232
 353  40 320
 354 320 275
 355 277 321
 356 320 217
 357 265 320
 358 321 267
 359 201 321
 360 320 214
 361 275  40
 362 321 320
 363 214 277
 364  40 320
 365 320 276
 366 267  40
 368 260 277
 370 262 276
 372 276 273
 373 320 321
 374 264 216
 375 320  40
 376 270 320
 377 321 265
 378 202 320
 379  54 264
 380  12 320
 381 320 265
 382 235 321
 383 320 202
 384 260  40
 386 273 275
 388 265 260
 389 320  40
 390 262 320
 391 320 262
 392 276 320
 393  40 265
 394 342 321
 396 224 320
 397  40 275
 398 321 320
 399 201 276
 401 272 274
 402 320  40
 403 260 320
 404 320 272
 405 267 320
 406 320 276
 407 272 320
 408 321 275
 409 203 320
 410  40 265
 411 320  56
 412 263  12
 413 320  12
 414 276 320
 415 320 230
 416 262 320
 417 320 267
 418 276  40
 420 200 202
 422 270 265
 423 321 320
 424 202 274
 425  56 320
 426  12 275
 428 242 276
 430 260 263
 432 274 276
 434 321 320
 435 207 273
 436 321 320
 437 203 265
 438 320 321
 439 264 201
 441 265 260
 442 321  40
 443 201 320
 444 320 275
 445 260 320
 446  72 260
 447  40 320
 448 321 262
 449 202 321
 450 320 201
 451 260 321
 452 320 202
 453 274 321
 454  40 200
 456 273 265
 457 320 321
 458 265 207
 460 210 203
 461 320  40
 462 270 320
 463 320 265
 464 271 320
 465  40 274
 466 320 321
 467 261 203
 468 321  12
 469 200 320
 470 320 230
 471 276 320
 472 320 264
 473 264 320
 474 320 265
 475 270 321
 476 321 202
 477 202  40
 478  54 320
 479  12 262
 481 240 264
 482 321 320
 483 203 276
 485 201 205
 487 260 275
 489 273 276
 491 272 262
 493 260 265
 494  40 320
 495 320 275
 496 275 320
 497 320 275
 498 260 321
 499  40 213
 501 262 271
 502 320  40
 503 265 320
 504 321 272
 505 202 321
 506 320 203
 507 262 320
 508 321 264
 509 217 320
 510 321 265
 511 205 321
 512  40 201
 513 321 320
 514 201 275
 518 264 272
 519 320  54
 520 270  12
 521 321 320
 522 202 237
 523  73 320
 524  12 276
 526 242 272
 528 260 276
 529 320 321
 530 274 200
 531  40 320
 532 320 275
 533 275 321
 534 320 213
 535 260 320
 536  40 271
 537 320  40
 538 275 320
 539 320 237
 540 265 320
 541 320 265
 542 262 321
 543 320 200
 544 265 321
 545 320 203
 546 264 320
 547 320 275
 548 276 321
 549 320 203
 550 274  40
 552 213 201
 554 205 202
 555  40 320
 556 320 260
 557 264 321
 558 320 200
 559 276 320
 560 321 270
 561 200 320
 562 320 272
 563 276  40
 565 266 276
 567 272 264
 569 260 275
 570 321 320
 571 205 276
 572  12 320
 573 320 274
 574 241 321
 575 320 203
 576 273  54
 577 320  12
 578 265 320
 579 320 227
 580 264 320
 581 321 260
 582 213 320
 583  40 262
 585 275 265
 586 320 321
 587 265 202
 589 262 276
 591 270 262
 592 320  40
 593 264 320
 594 320 263
 595 260 321
 596 320 200
 597 275 321
 598 320 217
 599 275 320
 600 321 264
 601 213 321
 602 321 203
 603 205 321
 604  40 211
 606 267 265
 608 262 263
 610 265 276
 611 321  40
 612 200 320
 613 320 262
 614 265 320
 615 320 265
 616 271 321
 617  73 201
 618  12 321
 619 320 202
 620 230 320
 621 320 275
 622 267 320
 623 320 270
 624 261 320
 625 321 272
 626 203  54
 627 321  12
 628 210 320
 629 320 222
 630 272  40
 632 260 274
 633  40 320
 634 321 276
 635 202 320
 636 320 273
 637 260 321
 638 320 214
 639 274 320
 640  40 261
 642 275 260
 643 320 321
 644 260 205
 647 272 270
 648 321  40
 649 203 320
 650 321 263
 651 200 320
 652 321 260
 653 214 320
 654 320 264
 655 270 320
 656 321 260
 657 205 320
 658  40 275
 659 320 321
 660 275 214
 661 320 321
 662 276 217
 663 320 321
 664 266 205
 665 320  40
 666 272 320
 667 320 277
 668 260 321
 669 321 200
 670 205 320
 671  12 276
 673 241 262
 674 321 320
 675 202 265
 677 276 264
 678 320 321
 679 270 210
 680 321 320
 681 202 270
 682  40 320
 683 320 271
 684 261  40
 686 265 262
 688 267 265
 689  40 321
 690 320 201
 691 276 321
 692 320 214
 693 272  40
 695 276 262
 697 275 265
 698  54 320
 699  40 272
 700 320  56
 701 261  12
 703 265 230
 704 320  40
 705 267 320
 706  40 272
 707 320  40
 708 264 320
 709 320 274
 710 262 321
 711 320 203
 712 265 320
 713 321 264
 714 200 321
 715 320 200
 716 265 320
 717 320 276
 718 271 320
 719  73 274
 720  12 321
 721 320 203
 722 242  40
 723 320 321
 724 260 201
 725 320 321
 726 274 202
 727  40 320
 728 320 260
 729 273 321
 730 320 200
 731 265 321
 732 321 206
 733 201 321
 734  40 203
 735 320  40
 736 270 320
 737  40 277
 739 264 276
 741 276 264
 742 320 321
 743 273 212
 744  40 320
 745 320 265
 746 262 321
 747 320 205
 748 270 320
 749 320 260
 750 264 320
 751 320 273
 752 265  40
 754 275 236
 756 270 273
 758 271 265
 759  40 320
 760 320 263
 761 277  56
 762 320  12
 763 276  12
 764 320 302
 765 273 253
 767 275 241
 768 321 320
 769 213 272
 770  73 320
 771  12 260
 773 242 266
 775 260 270
 776 320  40
 777 274 320
 778  40 274
 780 276 275
 781  40 320
 782 320 265
 783 267  54
 784 320  40
 785 260 320
 786 321 272
 787 200 321
 788 320 203
 789 265 320
 790  40 264
 792 277 265
 794 200 201
 796 270 275
 797 321 320
 798 205 270
 800 273 272
 801 321  54
 802 213  40
 804 275 273
 806 203 216
 807 321 320
 808 202 261
 809  40 320
 810 320 270
 811 262 320
 812 320 274
 813 276 320
 814 320 265
 815 273 321
 816 320 206
 817 275  40
 818 321 320
 819 213 261
 820  12 320
 821 320 276
 822 235 320
 823 320 263
 824 260 320
 825  40 276
 827 261 262
 828 321  54
 829 200  12
 831 265 247
 832 320 321
 833 263 202
 834  40 320
 835 320 276
 836 277  40
 837 320 321
 838 265 201
 839 321 320
 840 201 261
 842 207 203
 844 260 264
 846 275 265
 848 213 202
 849 320 321
 850 271 201
 851  40 321
 852 320 217
 853 270  40
 854  40 320
 855 320 262
 856 277  40
 857 321 320
 858 203 266
 859 321 320
 860 201 270
 861 321 320
 862 202 267
 864 276 275
 866 271 270
 867  54  40
 868  12 321
 869 320 201
 870 230 320
 871  40 276
 872 321  40
 873 202 320
 874 321 274
 875 200 320
 876 320 275
 877 270 320
 878 320 276
 879 264 321
 880 321 216
 881 206  77
 882 320  12
 883 260 320
 884 321 230
 885 202  40
 887 214 201
 888  40 320
 889 320 272
 890 262 320
 891 320 276
 892 270 321
 893 321 200
 894 202 320
 895 321 276
 896 217  40
 898 267 273
 899 320 321
 900 265 214
 901 320  54
 902 271  40
 903  40 320
 904 320 275
 905 277 320
 906 321 260
 907 200  40
 908 320 321
 909 265 200
 911 272 260
 912 321 320
 913 200 264
 915 260 276
 918 320 321
 919 275 202
 921 213 214
 922 321  40
 923 205 321
 924  12 201
 926 247 276
 928 200 201
 934 276 265
 937  40  55
 939 270 262
 940 320 321
 941 267 200
 942  40 320
 943 320 260
 944 262 320
 945 320 263
 946 276 320
 947 320 276
 948 264 320
 949  40 262
 950 320  54
 951 262  12
 952 321 320
 953 213 234
 954 321 320
 955 205 276
 957 276 263
 959 264 270
 960 321 320
 961 217 273
 963 202 214
 964  40 320
 965 321 275
 966 217 320
 967 321 276
 968 201 320
 969 320 271
 970 275  40
 971 321 320
 972 213 267
 973 321 320
 974 205 260
 975  54 321
 976  12 201
 977 320 321
 978 230 213
 979  40 320
 980 321 277
 981 201 320
 982  40 273
 983 320 321
 984 275 216
 985 320 321
 986 270 201
 987 320 321
 988 274 214
 989 320  40
 990 270 320
 991  40 267
 993 264 265
 994 321 320
 995 217 274
 997 264 273
 998 321 320
 999 214 265
1000 320 321
1001 272 216
1002 320  77
1003 260  12
1004  40 320
1005 320 236
1006 270 321
1007 321 202
1008 205 320
1009  40 272
1010 320 321
1011 274 200
1014 321 320
1015 200 271
1016 321  40
1017 201 320
1018 320 274
1019 272 320
1020 320 275
1021 276 320
1022 320 265
1023 271  40
1024  73 320
1025  12 262
1026 320 321
1027 242 201
1028 320 321
1029 260 216
1030 320  40
1031 274 320
1032  40 277
1033 320 321
1034 272 200
1036 276 260
1037 321 320
1038 200 262
1040 276 264
1041 320 321
1042 273 203
1043 320  54
1044 265  40
1046 262 275
1048 270 265
1049 321  40
1050 207 320
1051  40 261
1053 274 276
1055 270 271
1056 320 321
1057 274 201
1058 320 321
1059 276 217
1060 321  40
1061 205 320
1062 320 274
1063 276 320
1064 320 265
1065 264 320
1066 320 275
1067 276 321
1068 320 217
1069 274  72
1072 237 222
1073 320  40
1074 273 320
1075 320 275
1076 265 320
1077 320 260
1078 275 320
1079 321 263
1080 217 321
1081 320 200
1082 265 320
1083 321 260
1084 202 320
1085  40 264
1086 320 321
1087 263 203
1088 321  40
1089 200 320
1090 320 273
1091 276 321
1092 320 216
1093 267 320
1094 320 261
1095 275 320
1096 320 276
1097 276 320
1098 320 263
1099 263 320
1100 320 276
1101 276  40
1102  40 320
1103 321 262
1104 206 320
1105 320 276
1106 260 320
1107 321 267
1108 200 321
1109 321 214
1110 217 320
1111  73 274
1112  12 320
1113 320 265
1114 242 321
1115 320 210
1116 260 321
1117 320 214
1118 274  40
1119  40 321
1120 320 202
1121 262 321
1122  40 213
1123 320  40
1124 276 320
1125 320 272
1126 261 320
1127 320 276
1128 273 320
1129 320 275
1130 260 321
1131 320 217
1132 272 302
1133 320 273
1134 260  56
1135 321  12
1136 205  12
1137  40 302
1138 320 253
1139 277 320
1140 320 222
1141 265 320
1142 321 276
1143 200 320
1144 320 273
1145 265 321
1146 320 205
1147 264 320
1148  40 262
1149 320 321
1150 275 213
1151 320  40
1152 260 320
1153 321 275
1154 200 320
1155 320 265
1156 276  40
1158 264 261
1161 320 321
1162 274 217
1163  12 321
1164 320 202
1165 247 321
1166 320 201
1167 265 321
1168 321 217
1169 200  40
1171 265 274
1173 267 276
1174  40 320
1175 320 263
1176 273 321
1177 320 203
1178 265 321
1179 321 207
1180 201 320
1181 320 270
1182 260 321
1183  54 205
1185 321 320
1186 207 262
1188 265 273
1189 321 320
1190 200 260
1192 265 264
1193 320 321
1194 267 213
1195  40 320
1196 320 272
1197 274  54
1198 320  12
1199 276 320
1200 321 220
1201 200  40
1202 321 320
1203 217 272
1204  12 320
1205 320 275
1206 232 321
1207 320 217
1208 276 320
1209 320 266
1210 273 320
1211 320 265
1212 264 321
1213 321 201
1214 203 320
1215 320 272
1216 275 320
1217  40 270
1219 275 271
1220 320  40
1221 265 320
1222 321 264
1223 201 320
1224 321 260
1225 221 321
1226 321 200
1227 202  40
1228  40 320
1229 320 270
1230 261 320
1231 320 274
1232 276  40
1234 263 275
1236 260 265
1237 321  40
1238 202 320
1239 321 275
1240 213 321
1241 321 203
1242 200 320
1243 321 266
1244 217 320
1245  73 265
1246  12 320
1247 320 275
1248 222  73
1249  40  12
1250 321 320
1251 202 237
1252 320 321
1253 265 200
1255 274 260
1257 275 262
1259 270 264
1260 321 320
1261 206 270
1263 265 262
1265 321 320
1266 202 270
1267 320  40
1268 260 321
1269 320 201
1270 274 320
1271  40 262
1272 321 320
1273 206 276
1275 260 261
1276 321 320
1277 200 276
1279 265 264
1281 262 265
1284 320  40
1285 260 320
1286  40 270
1288 202 205
1289 321  40
1290 203 320
1291 320 262
1292 266 320
1293 320 265
1294 270 321
1295 321 211
1296 202 320
1297  54 270
1298  12 320
1299 320 271
1300 220  40
1301  40 321
1302 320 217
1303 261 320
1304 321 267
1305 203 321
1306 321 213
1307 200 320
1308 321 272
1309 213  12
1311 271 230
1313 320 321
1314 262 201
1315 320  40
1316 276 320
1317 320 262
1318 273 320
1319 320 276
1320 272 320
1321  40 273
1328 262 275
1331 321 320
1332 200 261
1334 275 265
1335 320 321
1336 276 201
1337  40 320
1338 321 275
1339 201 320
1340 320 276
1341 273 321
1342 321 216
1343 203  40
1345 266 264
1346 320 321
1347 270 200
1349 202 203
1350  73 320
1351  12 266
1353 242 265
1355 260 275
1356 320  56
1357 274  12
1358  40 320
1359 321 223
1360 201 321
1361 321 200
1362 202 321
1363 321 217
1364 203 320
1365 320 264
1366 277 321
1367 320 203
1368 260 321
1369  40 211
1370 321 320
1371 201 270
1372  40 320
1373 320 265
1374 221  40
1376 260 263
1378 261 276
1380 276 264
1382 216 213
1384 320 321
1385 257 202
1387 263 260
1388 320 321
1389 276 217
1390 320 321
1391 271 202
1392  12 321
1393 320 201
1394 230 321
1395 320 217
1396 264  40
1397 321 320
1398 221 262
1399 321 320
1400 202 276
1401  54  40
1402  40 320
1403 320 274
1404 261 320
1405 321 263
1406 200 320
1407 320 273
1408 265 320
1409 320 265
1410 264  73
1411 321  12
1412 221 320
1413 321 235
1414 202 320
1415  40 276
1416 321  40
1417 201 320
1418 320 262
1419 260 320
1420 320 270
1421 274 320
1422 320 266
1423 260 321
1424  40 203
1425 321  40
1426 201 321
1427 320 202
1428 276 320
1429 320 262
1430 261 320
1431 320 276
1432 276 320
1433 320 271
1434 271  40
1435  54 320
1436  12 266
1437 320 321
1438 242 200
1440 260 265
1442 274 261
1443  40 320
1444 321 270
1445 206 320
1446 320 271
1447 260  40
1448 321 320
1449 200 275
1450 321 320
1451 214 260
1453 320 321
1454 232 201
1456 260 262
1457 321 320
1458 211 265
1459 320 321
1460 265 202
1462 271 273
1463  40 320
1464 320 276
1465 275 320
1466 320 274
1467 260  40
1468 320 321
1469 264 207
1470  40 320
1471 320 265
1472 267 320
1473 320 273
1474 273 320
1475 320 265
1476 260  54
1477 321  12
1478 202  12
1480 276 227
1482 274 260
1483  40 320
1484 321 277
1485 207 320
1486 320 276
1487 260 320
1488 321 274
1489 205 320
1490 320 275
1491 275 320
1492 320 270
1493 265  40
1494 321 320
1495 202 266
1496  73 320
1497  12 265
1498 320  40
1499 242 320
1500 320 275
1501 260 321
1502 320 213
1503 274 320
1504  40 275
1505 321 320
1506 200 265
1507 321  40
1508 203 321
1509 321 202
1510 201 321
1511 321 213
1512 201  40
1513 320 321
1514 272 201
1516 270 273
1518 271 276
1519  40 320
1520 320 262
1521 264 320
1522 321 276
1523 203  40
1524 321 320
1525 205 274
1526 342 320
1527 200 276
1528 246 320
1529  40 265
1530 321  72
1531 202  12
1533 260 222
1535 274 276
1536  40 320
1537 320 270
1538 240 321
1539 321 202
1540 203 320
1541 321 265
1542 201 320
1543 321 273
1544 214 321
1545 321 216
1546 216  40
1547  40 321
1548 320 201
1549 277 320
1550 320 273
1551 260 320
1552 321 260
1553 205 320
1554 320 262
1555 275 320
1556 320 260
1557 265  40
1558 321 342
1559 202 200
1560  41 224
1561  12  40
1563 230 276
1564  40 321
1565 321 202
1566 202 321
1567 320 200
1568 260 320
1569 320 260
1570 274 320
1571  40 264
1572 321 320
1573 217 260
1574  40  73
1575 320  12
1576 261 320
1577 321 237
1578 213 320
1579 320 276
1580 273 320
1581  54 261
1582  40 320
1583 320 265
1584 270 320
1585  40 264
1587 274 276
1588 321 320
1589 221 271
1590 320  40
1591 264 320
1592  40 277
1594 217 200
1595  40 320
1596 320 276
1597 277 321
1598 320 201
1599 270 320
1600 320 273
1601 273 320
1602  73 260
1603  12 320
1604 320 262
1605 243 320
1606  40 273
1608 274 265
1610 276 275
1611 321 320
1612 200 276
1613 321  40
1614 217 320
1615  40 270
1617 262 274
1618 320 321
1619 270 217
1620 320  40
1621 264 321
1622 320 202
1623 265 320
1624 320 262
1625 273 320
1626  40 276
1628 264 265
1629 321  73
1630 203  12
1632 261 242
1633  40 320
1634 320 262
1635 267 320
1636 320 276
1637 265 320
1638 320 271
1639 273  40
1641 221 211
1643 275 270
1645 213 202
1646 320  40
1647 271 320
1648  73 275
1649  12 320
1650 320 260
1651 237  40
1653 276 262
1654 320 321
1655 264 200
1656  40 320
1657 320 260
1658 275 321
1659 320 202
1660 270 320
1661 320 260
1662 274 321
1663  40 205
1664 321  40
1665 201 320
1666 320 246
1667 270 320
1668 320 260
1669 264 321
1670 320 200
1671 265 320
1672 320 265
1673 273 320
1674  54 263
1675  40 321
1676 320 200
1677 270 320
1678  40 260
1680 272 264
1682 276 260
1683 321  73
1684 202  12
1685  40 320
1686 321 230
1687 203  40
1688 321 320
1689 207 262
1690 321 320
1691 221 276
1693 275 273
1694 321 320
1695 213 275
1696 320 321
1697 271 213
1698  12  40
1700 241 270
1701 320  40
1702 262 321
1703 320 201
1704 276 321
1705 320 203
1706 270 321
1707  40 210
1709 274 260
1710 320  40
1711 275 320
1712 320 277
1713 265 320
1714  40 276
1715 321 320
1716 201 272
1718 272 276
1719 320 321
1720 260 200
1722 267 275
1723 320 321
1724 272 213
1725 320  40
1726 270 321
1727  40 202
1729 263 265
1731 276 261
1733 262 265
1734 320  73
1735 276  12
1736 321 320
1737 200 227
1739 270 260
1741 273 262
1742  56 320
1743  12 270
